59 38 59 40
59 31 59 36
59 36 59 38
84 36 84 39
60 27 60 30
60 24 60 27
84 39 84 40
60 43 60 44
60 42 60 43
84 40 84 42
59 40 59 42
59 42 60 42
68 29 72 29
60 44 60 45
60 45 60 46
58 74 58 75
58 72 58 74
60 49 60 51
85 43 85 46
60 48 60 49
59 31 60 31
60 46 60 47
60 51 61 51
81 36 84 36
60 23 60 24
60 47 60 48
81 34 81 36
61 52 61 53
61 57 61 58
82 25 82 28
61 51 61 52
82 25 84 25
81 33 81 34
61 58 61 60
60 22 60 23
56 72 58 72
86 47 86 49
61 53 61 55
86 49 86 52
86 52 86 53
61 56 61 57
61 55 61 56
85 42 85 43
59 30 59 31
71 48 71 51
52 71 53 71
59 30 60 30
72 29 77 29
77 29 77 32
77 32 77 33
60 30 60 31
61 60 61 61
86 54 86 56
61 64 61 65
60 21 60 22
53 71 53 72
61 61 61 62
46 56 46 57
