Initial weights:
Layer 1 

    0.7037    0.1216    0.1165    0.5715    0.0310    0.1715    0.3160    0.7072    0.3300         0
    0.7979    0.0083    0.4217    0.0656    0.1571    0.2870    0.4344    0.5943    0.9460         0
    0.1531    0.6896    0.9043    0.7284    0.0217    0.9328    0.7791    0.7544    0.8957         0
    0.2446    0.9282    0.1033    0.8468    0.3285    0.1538    0.7911    0.0465    0.9273         0
         0         0         0         0         0         0         0         0         0         0
         0         0         0         0         0         0         0         0         0         0
         0         0         0         0         0         0         0         0         0         0
         0         0         0         0         0         0         0         0         0         0
         0         0         0         0         0         0         0         0         0         0
         0         0         0         0         0         0         0         0         0         0


Layer 2

    0.4587    0.4923    0.7710    0.9776         0         0         0         0         0         0
    0.6406    0.1011    0.2294    0.7127         0         0         0         0         0         0
    0.9951    0.3107    0.2181    0.2629         0         0         0         0         0         0
    0.1520    0.2874    0.1751    0.6877         0         0         0         0         0         0
    0.3854    0.8608    0.1784    0.3198         0         0         0         0         0         0
    0.3746    0.5114    0.7327    0.8801         0         0         0         0         0         0
    0.1737    0.2338    0.2278    0.8092         0         0         0         0         0         0
    0.5939    0.0884    0.9344    0.8404         0         0         0         0         0         0
    0.7869    0.7374    0.5814    0.3118         0         0         0         0         0         0
    0.6674    0.7938    0.2224    0.9087         0         0         0         0         0         0

Initial a's
1	0.580000000000000	0.610000000000000	0.470000000000000	0.130000000000000	0.500000000000000	0	0.480000000000000	0.220000000000000	0
1	0.834197593032774	0.851709107360456	0.922403816120250	0	0	0	0	0	0
0.918918999692976	0.828886023303204	0.843233272028339	0.764089936142893	0.824983898623978	0.903533250746786	0.787363823065729	0.903667217477873	0.898882192902681	0.913509390621589

1st_round weights (to compare with hand proved results)

Layer 1

    0.7037    0.1216    0.1165    0.5715    0.0310    0.1715    0.3160    0.7072    0.3300         0
    0.7566   -0.0157    0.3965    0.0461    0.1518    0.2663    0.4344    0.5745    0.9369         0
    0.1196    0.6701    0.8839    0.7126    0.0173    0.9161    0.7791    0.7383    0.8884         0
    0.2070    0.9064    0.0804    0.8292    0.3237    0.1351    0.7911    0.0285    0.9191         0
         0         0         0         0         0         0         0         0         0         0
         0         0         0         0         0         0         0         0         0         0
         0         0         0         0         0         0         0         0         0         0
         0         0         0         0         0         0         0         0         0         0
         0         0         0         0         0         0         0         0         0         0
         0         0         0         0         0         0         0         0         0         0

Layer 2

    0.3902    0.4352    0.7127    0.9144         0         0         0         0         0         0
    0.5231    0.0031    0.1293    0.6042         0         0         0         0         0         0
    1.0158    0.3280    0.2357    0.2820         0         0         0         0         0         0
    0.0143    0.1725    0.0578    0.5607         0         0         0         0         0         0
    0.2663    0.7615    0.0769    0.2100         0         0         0         0         0         0
    0.2959    0.4457    0.6657    0.8074         0         0         0         0         0         0
    0.0419    0.1238    0.1155    0.6876         0         0         0         0         0         0
    0.5152    0.0228    0.8674    0.7679         0         0         0         0         0         0
    0.7052    0.6692    0.5118    0.2364         0         0         0         0         0         0
    0.5952    0.7336    0.1610    0.8421         0         0         0         0         0         0
