35
6 21 0 2 0 0 6 23 0 2 3 2 2
6 23 0 2 3 2 6 26 0 0 0 2 3
7 15 0 10 0 0 7 19 6 10 6 10 4
7 19 6 10 6 10 7 20 4 10 4 10 1
7 20 4 10 4 10 7 23 3 10 3 10 3
7 23 3 10 3 10 7 25 0 0 0 10 2
9 16 0 5 0 0 9 17 0 5 9 5 1
9 17 0 5 9 5 9 19 6 5 6 5 2
9 19 6 5 6 5 9 20 4 5 4 5 1
9 20 4 5 4 5 9 23 3 5 3 5 3
9 23 3 5 3 5 9 25 0 0 0 5 2
11 13 0 7 0 0 11 17 9 7 9 7 4
11 17 9 7 9 7 11 19 6 7 8 7 2
11 19 6 7 8 7 11 23 3 0 3 7 4
14 11 0 1 0 0 14 17 9 1 9 1 6
14 17 9 1 9 1 14 19 8 1 8 1 2
14 19 8 1 8 1 14 20 0 0 0 1 1
9 17 0 5 9 5 11 17 9 7 9 7 2
11 17 9 7 9 7 14 17 9 1 9 1 3
14 17 9 1 9 1 17 17 9 0 0 0 3
6 19 0 0 6 0 7 19 6 10 6 10 1
7 19 6 10 6 10 9 19 6 5 6 5 2
9 19 6 5 6 5 11 19 6 7 8 7 2
11 19 6 7 8 7 14 19 8 1 8 1 3
14 19 8 1 8 1 17 19 8 0 0 0 3
2 20 0 0 4 0 7 20 4 10 4 10 5
7 20 4 10 4 10 9 20 4 5 4 5 2
9 20 4 5 4 5 10 20 4 0 0 0 1
6 23 0 2 3 2 7 23 3 10 3 10 1
7 23 3 10 3 10 9 23 3 5 3 5 2
9 23 3 5 3 5 11 23 3 0 3 7 2
11 23 3 0 3 7 13 23 3 0 0 0 2
-1 -1
7 19 14 17
9 23 11 17
9 19 7 23
7 19 14 19
7 19 9 17
11 19 11 17
6 23 7 20
6 23 14 19
9 19 7 20
14 19 11 19
