89 56 89 59
89 59 89 60
19 62 22 62
89 55 89 56
90 45 90 47
90 47 90 50
90 43 90 45
90 50 90 53
89 53 89 55
89 53 90 53
44 63 44 65
16 52 18 52
7 64 10 64
14 52 16 52
53 79 55 79
12 52 14 52
43 63 44 63
34 55 35 55
35 55 37 55
22 62 24 62
24 62 26 62
32 55 34 55
20 54 22 54
26 62 27 62
52 79 53 79
26 54 28 54
28 54 29 54
24 54 26 54
22 54 24 54
37 55 38 55
41 56 43 56
38 55 39 55
44 65 46 65
51 79 52 79
53 57 53 58
51 57 52 57
43 56 44 56
7 64 7 66
42 63 43 63
55 79 56 79
10 64 13 64
48 65 49 65
18 52 18 54
7 66 7 70
65 58 65 59
37 63 40 63
48 79 50 79
36 63 37 63
90 42 90 43
27 62 28 62
41 63 42 63
88 60 89 60
34 63 35 63
13 63 13 64
48 57 49 57
13 63 15 63
40 63 41 63
32 63 34 63
50 79 51 79
35 63 36 63
